emcee: Exception while calling your likelihood function:
  params: [1.38869468 5.70257531]
  args: [array([[  36855.79779392,    4236.47906026,    9746.29049008,
           8653.118298  ,   -5946.74412912,   12775.09376657,
          -4947.2078043 ,   -5657.7945143 ,   11042.52706808],
       [   4236.47906026,   61658.46454818,    1443.43902678,
           5744.73755114,  -15357.85777803,   -6166.29111024,
          11915.25447864,   -3765.36637462,   10118.81324059],
       [   9746.29049008,    1443.43902678,   76830.39168121,
          14095.64007297,   -4391.74960962,   17118.92223793,
          -4063.39487285,   -4906.83840994,    1319.81628992],
       [   8653.118298  ,    5744.73755114,   14095.64007297,
          66665.4739926 ,  -10665.72537642,    4734.9466453 ,
           7521.97032939,    3988.93479601,  -16887.5302856 ],
       [  -5946.74412912,  -15357.85777803,   -4391.74960962,
         -10665.72537642,  114777.91814988,   -3870.07990063,
         -23441.3964535 ,  -12579.57714343,    1041.99015309],
       [  12775.09376657,   -6166.29111024,   17118.92223793,
           4734.9466453 ,   -3870.07990063,  170995.24856457,
         -18289.10544561,   -1526.26638028,  -18525.13673778],
       [  -4947.2078043 ,   11915.25447864,   -4063.39487285,
           7521.97032939,  -23441.3964535 ,  -18289.10544561,
         155871.56598624,  -15493.12317461,  -66180.90748263],
       [  -5657.7945143 ,   -3765.36637462,   -4906.83840994,
           3988.93479601,  -12579.57714343,   -1526.26638028,
         -15493.12317461,  207458.05262033, -103449.25051509],
       [  11042.52706808,   10118.81324059,    1319.81628992,
         -16887.5302856 ,    1041.99015309,  -18525.13673778,
         -66180.90748263, -103449.25051509,  293976.46260217]]), array([ 0.11687839,  0.15633276,  0.20910566,  0.27969299,  0.37410832,
        0.50039523,  0.66931252,  0.89525084,  1.19745866,  1.60168208,
        2.1423583 ,  2.86554937,  3.83286643,  5.12671854,  6.85733338,
        9.172148  , 12.26836937, 16.40977524, 21.94918617]), array([0.28924294, 0.27361476, 0.24654173, 0.21802161, 0.19251861,
       0.16033514, 0.13655645, 0.12433242, 0.11072539, 0.09515151,
       0.07446343, 0.06024478, 0.04452428, 0.0341743 , 0.02914809,
       0.02259   , 0.01697993, 0.01198927, 0.00813879]), <halotools.sim_manager.cached_halo_catalog.CachedHaloCatalog object at 0x2acfe9d30b80>, array([ 0.1       ,  0.13375678,  0.17890875,  0.23930257,  0.3200834 ,
        0.42813324,  0.57265722,  0.76596782,  1.02453386,  1.37038345,
        1.83298071,  2.45173589,  3.27936286,  4.38637001,  5.86706707,
        7.8475997 , 10.49669629, 14.04004246, 18.77950802, 25.11886432]), 9, True, 'all']
  kwargs: {}
  exception:
exceptions must derive from BaseException
