emcee: Exception while calling your likelihood function:
  params: [2.05773466 5.96728513]
  args: [array([[ 4.17071367e+05, -1.89550672e+05, -5.23282752e+04,
        -7.12524820e+04,  9.21038457e+04, -3.25511403e+05,
         4.32984501e+04,  1.98569496e+05,  5.39746608e+05,
        -5.70396144e+05],
       [-1.89550672e+05,  8.24546620e+05, -2.14956412e+05,
        -2.66491070e+05, -5.64930636e+04, -8.65453735e+03,
         4.69925077e+05, -1.89461065e+05, -7.58883238e+05,
        -5.48941303e+05],
       [-5.23282752e+04, -2.14956412e+05,  9.76580316e+05,
        -3.22910199e+05, -3.12596688e+05,  1.86830545e+05,
         2.50250660e+05, -2.40957682e+05, -1.21867309e+06,
         2.29023472e+05],
       [-7.12524820e+04, -2.66491070e+05, -3.22910199e+05,
         2.42039779e+06, -4.12506578e+05, -2.34206059e+05,
        -1.04601660e+06, -9.78937972e+05,  3.58526739e+06,
        -2.34952377e+06],
       [ 9.21038457e+04, -5.64930636e+04, -3.12596688e+05,
        -4.12506578e+05,  2.67482113e+06, -8.28552821e+05,
        -4.01876263e+05,  3.09951853e+05,  4.78208882e+05,
        -4.64962549e+05],
       [-3.25511403e+05, -8.65453735e+03,  1.86830545e+05,
        -2.34206059e+05, -8.28552821e+05,  5.04172846e+06,
        -2.48482279e+06, -9.14308083e+05, -2.30455524e+06,
         2.43251154e+06],
       [ 4.32984501e+04,  4.69925077e+05,  2.50250660e+05,
        -1.04601660e+06, -4.01876263e+05, -2.48482279e+06,
         1.31466601e+07, -5.32332233e+06, -1.16234983e+06,
        -3.40377201e+06],
       [ 1.98569496e+05, -1.89461065e+05, -2.40957682e+05,
        -9.78937972e+05,  3.09951853e+05, -9.14308083e+05,
        -5.32332233e+06,  2.13073476e+07, -1.02790331e+07,
         5.84410750e+05],
       [ 5.39746608e+05, -7.58883238e+05, -1.21867309e+06,
         3.58526739e+06,  4.78208882e+05, -2.30455524e+06,
        -1.16234983e+06, -1.02790331e+07,  4.61594946e+07,
        -2.08001475e+07],
       [-5.70396144e+05, -5.48941303e+05,  2.29023472e+05,
        -2.34952377e+06, -4.64962549e+05,  2.43251154e+06,
        -3.40377201e+06,  5.84410750e+05, -2.08001475e+07,
         5.06340693e+07]]), array([ 0.11687839,  0.15633276,  0.20910566,  0.27969299,  0.37410832,
        0.50039523,  0.66931252,  0.89525084,  1.19745866,  1.60168208,
        2.1423583 ,  2.86554937,  3.83286643,  5.12671854,  6.85733338,
        9.172148  , 12.26836937, 16.40977524, 21.94918617]), array([0.28924294, 0.27361476, 0.24654173, 0.21802161, 0.19251861,
       0.16033514, 0.13655645, 0.12433242, 0.11072539, 0.09515151,
       0.07446343, 0.06024478, 0.04452428, 0.0341743 , 0.02914809,
       0.02259   , 0.01697993, 0.01198927, 0.00813879]), <halotools.sim_manager.cached_halo_catalog.CachedHaloCatalog object at 0x2b836e2a4190>, array([ 0.1       ,  0.13375678,  0.17890875,  0.23930257,  0.3200834 ,
        0.42813324,  0.57265722,  0.76596782,  1.02453386,  1.37038345,
        1.83298071,  2.45173589,  3.27936286,  4.38637001,  5.86706707,
        7.8475997 , 10.49669629, 14.04004246, 18.77950802, 25.11886432]), 9, False, 'satsat']
  kwargs: {}
  exception:
exceptions must derive from BaseException
