emcee: Exception while calling your likelihood function:
  params: [1.45416691 5.65085202]
  args: [array([[  1829113.58815162,   -870332.78095731,   -845905.52495261,
         -1187256.30517897,    168005.40745584,   1409785.90293396],
       [  -870332.78095731,   3563913.51709703,  -2019632.40106109,
          1293647.40473047,  -1295738.91614358,  -3472246.9376842 ],
       [  -845905.52495261,  -2019632.40106109,   4878787.38598846,
         -2130764.3400607 ,   2135569.41859369,   -806749.65527677],
       [ -1187256.30517897,   1293647.40473047,  -2130764.3400607 ,
         21467243.20417011, -11084698.84885084,  -1526927.9589689 ],
       [   168005.40745584,  -1295738.91614358,   2135569.41859369,
        -11084698.84885084,  13852332.32735517,  -3568365.2658436 ],
       [  1409785.90293396,  -3472246.9376842 ,   -806749.65527677,
         -1526927.9589689 ,  -3568365.2658436 ,  25203412.36539078]]), array([ 0.12542954,  0.18922183,  0.2854583 ,  0.43063973,  0.6496591 ,
        0.98006969,  1.47852402,  2.2304876 ,  3.36489287,  5.07624612,
        7.65797774, 11.55275406, 17.42837743, 26.29228826]), array([0.0121137 , 0.0085937 , 0.00561195, 0.00219174, 0.00246989,
       0.00216317, 0.00363906, 0.00194691, 0.00131365, 0.00351431,
       0.00179357, 0.00192779, 0.00093279, 0.00047714]), <halotools.empirical_models.factories.hod_model_factory.HodModelFactory object at 0x2b1bee1a79d0>, <halotools.sim_manager.cached_halo_catalog.CachedHaloCatalog object at 0x2b1bee172b80>, array([ 0.1       ,  0.15085907,  0.22758459,  0.343332  ,  0.51794747,
        0.78137074,  1.17876863,  1.77827941,  2.6826958 ,  4.04708995,
        6.1054023 ,  9.21055318, 13.89495494, 20.96179992, 31.6227766 ]), 8]
  kwargs: {}
  exception:
exceptions must derive from BaseException
