emcee: Exception while calling your likelihood function:
  params: [1.95955844 6.13281637]
  args: [array([[ 5.17451721e+03, -1.40509350e+03, -1.73362589e+02,
        -5.08913557e+02,  6.30868319e+02, -3.81701113e+03,
         2.33707494e+03,  1.05545444e+03,  2.43426353e+02,
        -4.07347852e+02,  1.23760720e+03,  1.71243536e+02,
         6.14268781e+01,  2.83075475e+02,  3.70132435e+03,
        -5.32130518e+03,  7.78124284e+03, -1.92262208e+03,
        -1.11238239e+04],
       [-1.40509350e+03,  7.85095681e+03,  4.15628600e+01,
         1.24122615e+03, -1.17964571e+02, -2.63551258e+02,
         1.27714860e+03, -2.28261270e+03, -5.32311935e+02,
         1.21748937e+03,  2.25161088e+02, -4.81696251e+02,
        -3.69309200e+01,  7.30858519e+02, -4.38860845e+03,
         5.54108702e+03, -1.83137846e+03, -1.15295919e+04,
         4.51509109e+03],
       [-1.73362589e+02,  4.15628600e+01,  9.98149126e+03,
        -6.27450087e+02, -2.44859106e+02, -3.77298836e+03,
         2.12069299e+03,  1.11329657e+03, -1.98533450e+03,
         1.18045386e+03,  1.08210545e+03,  6.79646373e+02,
        -2.63938074e+03, -1.43531199e+03,  7.59754171e+02,
         5.93197297e+03,  6.09593314e+02, -2.75910483e+03,
         4.19559385e+03],
       [-5.08913557e+02,  1.24122615e+03, -6.27450087e+02,
         2.45686888e+04,  3.65906296e+02, -2.93813534e+03,
         1.06081897e+03, -1.00502404e+04,  4.40696634e+03,
         5.64855649e+03, -2.68482178e+03,  1.51782180e+03,
        -6.12843869e+02,  5.48002571e+02,  2.26419019e+03,
        -3.57683967e+03, -1.55886504e+03, -3.01830091e+04,
         1.49521154e+03],
       [ 6.30868319e+02, -1.17964571e+02, -2.44859106e+02,
         3.65906296e+02,  3.55168304e+04, -5.81564321e+03,
        -6.23451133e+03, -4.25128742e+03,  8.07818758e+03,
        -1.31555881e+03,  1.69226915e+03, -2.43898721e+03,
         3.20632697e+03, -1.01768364e+03,  8.28841003e+01,
         1.81748015e+02,  1.61715522e+02, -1.27980100e+04,
         3.06308325e+03],
       [-3.81701113e+03, -2.63551258e+02, -3.77298836e+03,
        -2.93813534e+03, -5.81564321e+03,  7.06945656e+04,
        -2.09005198e+04, -6.09928604e+03, -4.49659688e+03,
        -5.18401593e+03,  5.81238733e+02, -5.09464117e+03,
        -1.04329106e+03,  7.12833353e+03, -3.44221010e+03,
         1.21788628e+04, -3.32682293e+03,  1.96103820e+04,
         2.58459666e+03],
       [ 2.33707494e+03,  1.27714860e+03,  2.12069299e+03,
         1.06081897e+03, -6.23451133e+03, -2.09005198e+04,
         6.83890165e+04, -1.53441511e+04, -4.34768638e+03,
         9.44874704e+01, -2.10894267e+03, -1.46663673e+03,
        -3.35625139e+03, -5.19031048e+03, -3.74288690e+03,
         2.71160418e+03,  1.93324707e+04, -1.92291041e+04,
        -9.22821016e+03],
       [ 1.05545444e+03, -2.28261270e+03,  1.11329657e+03,
        -1.00502404e+04, -4.25128742e+03, -6.09928604e+03,
        -1.53441511e+04,  8.44452846e+04, -3.36605822e+04,
        -4.68854792e+03,  9.46300602e+02,  5.59622165e+01,
        -4.62598442e+02, -1.14098757e+04,  2.26882213e+03,
        -2.83291243e+03,  1.34834018e+04,  6.13190357e+04,
        -1.21659463e+04],
       [ 2.43426353e+02, -5.32311935e+02, -1.98533450e+03,
         4.40696634e+03,  8.07818758e+03, -4.49659688e+03,
        -4.34768638e+03, -3.36605822e+04,  1.01258867e+05,
        -2.73944762e+04, -2.99017754e+03,  4.67474569e+03,
         2.90202461e+03,  9.45170790e+03,  5.74228552e+03,
        -1.09717815e+04, -2.86471246e+04, -4.80589414e+04,
         3.00417369e+04],
       [-4.07347852e+02,  1.21748937e+03,  1.18045386e+03,
         5.64855649e+03, -1.31555881e+03, -5.18401593e+03,
         9.44874704e+01, -4.68854792e+03, -2.73944762e+04,
         4.88092224e+04, -1.40199129e+04,  4.40526486e+03,
        -3.80987911e+03, -5.04422785e+03, -8.73271165e+03,
         1.83322979e+04,  4.55016709e+03, -1.66432158e+04,
         1.19497508e+03],
       [ 1.23760720e+03,  2.25161088e+02,  1.08210545e+03,
        -2.68482178e+03,  1.69226915e+03,  5.81238733e+02,
        -2.10894267e+03,  9.46300602e+02, -2.99017754e+03,
        -1.40199129e+04,  2.90515615e+04, -1.29895239e+04,
         1.33536796e+03, -3.86699102e+03,  7.97255132e+03,
        -6.93775029e+03, -2.76712284e+03,  1.43587838e+04,
         5.82570945e+03],
       [ 1.71243536e+02, -4.81696251e+02,  6.79646373e+02,
         1.51782180e+03, -2.43898721e+03, -5.09464117e+03,
        -1.46663673e+03,  5.59622165e+01,  4.67474569e+03,
         4.40526486e+03, -1.29895239e+04,  2.37463929e+04,
        -9.86105693e+03,  6.41632254e+03,  8.07751052e+02,
        -6.34558862e+03, -7.61426220e+03, -1.13942647e+04,
        -1.55852680e+04],
       [ 6.14268781e+01, -3.69309200e+01, -2.63938074e+03,
        -6.12843869e+02,  3.20632697e+03, -1.04329106e+03,
        -3.35625139e+03, -4.62598442e+02,  2.90202461e+03,
        -3.80987911e+03,  1.33536796e+03, -9.86105693e+03,
         3.96764166e+04, -5.77727729e+03, -1.59543849e+03,
        -1.88986146e+04,  2.25124703e+03,  2.47017494e+04,
         5.91003849e+03],
       [ 2.83075475e+02,  7.30858519e+02, -1.43531199e+03,
         5.48002571e+02, -1.01768364e+03,  7.12833353e+03,
        -5.19031048e+03, -1.14098757e+04,  9.45170790e+03,
        -5.04422785e+03, -3.86699102e+03,  6.41632254e+03,
        -5.77727729e+03,  5.53205892e+04, -1.50398318e+04,
        -1.43029572e+04, -1.74031162e+04, -2.05008973e+04,
         2.31797234e+04],
       [ 3.70132435e+03, -4.38860845e+03,  7.59754171e+02,
         2.26419019e+03,  8.28841003e+01, -3.44221010e+03,
        -3.74288690e+03,  2.26882213e+03,  5.74228552e+03,
        -8.73271165e+03,  7.97255132e+03,  8.07751052e+02,
        -1.59543849e+03, -1.50398318e+04,  8.89331707e+04,
        -3.34019016e+04, -1.54762952e+04,  7.88500703e+03,
        -5.94607060e+04],
       [-5.32130518e+03,  5.54108702e+03,  5.93197297e+03,
        -3.57683967e+03,  1.81748015e+02,  1.21788628e+04,
         2.71160418e+03, -2.83291243e+03, -1.09717815e+04,
         1.83322979e+04, -6.93775029e+03, -6.34558862e+03,
        -1.88986146e+04, -1.43029572e+04, -3.34019016e+04,
         1.79991658e+05, -3.44010548e+04, -4.71689116e+04,
         3.26388706e+04],
       [ 7.78124284e+03, -1.83137846e+03,  6.09593314e+02,
        -1.55886504e+03,  1.61715522e+02, -3.32682293e+03,
         1.93324707e+04,  1.34834018e+04, -2.86471246e+04,
         4.55016709e+03, -2.76712284e+03, -7.61426220e+03,
         2.25124703e+03, -1.74031162e+04, -1.54762952e+04,
        -3.44010548e+04,  2.90433523e+05, -7.59024961e+04,
        -2.75279493e+04],
       [-1.92262208e+03, -1.15295919e+04, -2.75910483e+03,
        -3.01830091e+04, -1.27980100e+04,  1.96103820e+04,
        -1.92291041e+04,  6.13190357e+04, -4.80589414e+04,
        -1.66432158e+04,  1.43587838e+04, -1.13942647e+04,
         2.47017494e+04, -2.05008973e+04,  7.88500703e+03,
        -4.71689116e+04, -7.59024961e+04,  6.71697747e+05,
        -1.98593097e+05],
       [-1.11238239e+04,  4.51509109e+03,  4.19559385e+03,
         1.49521154e+03,  3.06308325e+03,  2.58459666e+03,
        -9.22821016e+03, -1.21659463e+04,  3.00417369e+04,
         1.19497508e+03,  5.82570945e+03, -1.55852680e+04,
         5.91003849e+03,  2.31797234e+04, -5.94607060e+04,
         3.26388706e+04, -2.75279493e+04, -1.98593097e+05,
         6.00174824e+05]]), array([ 0.11687839,  0.15633276,  0.20910566,  0.27969299,  0.37410832,
        0.50039523,  0.66931252,  0.89525084,  1.19745866,  1.60168208,
        2.1423583 ,  2.86554937,  3.83286643,  5.12671854,  6.85733338,
        9.172148  , 12.26836937, 16.40977524, 21.94918617]), array([0.14544281, 0.13228632, 0.10384985, 0.09645307, 0.100392  ,
       0.10305352, 0.11127168, 0.12112399, 0.13406159, 0.14057576,
       0.12831575, 0.07412148, 0.03366325, 0.02106395, 0.01822628,
       0.01782039, 0.01730053, 0.01039894, 0.00718427]), <halotools.sim_manager.cached_halo_catalog.CachedHaloCatalog object at 0x2b98a8252b80>, array([ 0.1       ,  0.13375678,  0.17890875,  0.23930257,  0.3200834 ,
        0.42813324,  0.57265722,  0.76596782,  1.02453386,  1.37038345,
        1.83298071,  2.45173589,  3.27936286,  4.38637001,  5.86706707,
        7.8475997 , 10.49669629, 14.04004246, 18.77950802, 25.11886432]), 0, False, 'satsat']
  kwargs: {}
  exception:
exceptions must derive from BaseException
